image: /home/parallels/mymap/mymap.pgm
resolution: 0.050000
origin: [-25.450001, -51.400002, 0.000000]
negate: 0
occupied_thresh: 0.65
free_thresh: 0.196

